20
375
3
2
20
369
7
4
20
362
11
7
20
354
16
10
20
346
22
12
20
336
28
16
20
324
34
22
20
312
41
27
20
301
48
31
20
288
55
37
20
275
63
42
20
257
74
49
20
235
87
58
20
215
99
66
20
197
110
73
20
182
119
79
20
168
127
85
20
157
135
88
20
142
143
95
20
131
150
99
20
124
153
103
20
116
157
107
20
110
161
109
20
104
164
112
20
100
166
114
20
97
168
115
20
94
169
117
20
92
170
118
20
90
172
118
20
88
173
119
20
88
173
119
20
88
173
119
20
88
173
119
20
88
173
119
20
88
173
119
20
88
173
119
20
88
173
119
20
88
173
119
20
88
173
119
20
88
173
119
