58
339
2
1
58
336
3
3
58
332
5
5
58
328
8
6
58
322
12
8
58
317
15
10
58
311
18
13
58
304
22
16
58
299
25
18
58
295
27
20
58
290
30
22
58
281
35
26
58
274
38
30
58
266
43
33
58
258
47
37
58
252
53
37
58
245
58
39
58
239
61
42
58
231
66
45
58
225
70
47
58
220
74
48
58
216
76
50
58
213
78
51
58
209
80
53
58
205
82
55
58
202
84
56
58
199
85
58
58
199
85
58
58
199
85
58
58
199
85
58
58
199
85
58
58
199
85
58
58
199
85
58
58
199
85
58
58
199
85
58
58
199
85
58
58
199
85
58
58
199
85
58
58
199
85
58
58
199
85
58
