37
358
3
2
37
353
7
3
37
346
11
6
37
339
15
9
37
332
20
11
37
322
26
15
37
311
31
21
37
298
40
25
37
288
45
30
37
277
52
34
37
266
59
38
37
250
68
45
37
231
79
53
37
211
93
59
37
193
103
67
37
180
111
72
37
168
119
76
37
159
124
80
37
151
129
83
37
146
132
85
37
141
134
88
37
139
135
89
37
136
137
90
37
136
137
90
37
136
137
90
37
136
137
90
37
136
137
90
37
136
137
90
37
136
137
90
37
136
137
90
37
136
137
90
37
136
137
90
37
136
137
90
37
136
137
90
37
136
137
90
37
136
137
90
37
136
137
90
37
136
137
90
37
136
137
90
37
136
137
90
